-1.63330078125
-1.53656005859375
-1.42791748046875
-1.31011962890625
-1.1798095703125
-1.04034423828125
-0.89263916015625
-0.73974609375
-0.5792236328125
-0.4144287109375
-0.24566650390625
-0.07568359375
0.09613037109375
0.2655029296875
0.4351806640625
0.6011962890625
0.762939453125
0.9185791015625
1.0675048828125
1.2091064453125
1.34185791015625
1.46270751953125
1.57440185546875
1.67388916015625
1.75933837890625
1.8328857421875
1.8914794921875
1.93695068359375
1.96624755859375
1.98150634765625
1.98272705078125
1.9677734375
1.9378662109375
1.89361572265625
1.8341064453125
1.761474609375
1.6754150390625
1.57745361328125
1.466064453125
1.34490966796875
1.21368408203125
1.0723876953125
0.92315673828125
0.76812744140625
0.60546875
0.440673828125
0.2703857421875
0.09979248046875
-0.0701904296875
-0.24078369140625
-0.40924072265625
-0.57373046875
-0.73455810546875
-0.888671875
-1.036376953125
-1.1761474609375
-1.30615234375
-1.42547607421875
-1.5338134765625
-1.63055419921875
-1.71356201171875
-1.78375244140625
-1.83990478515625
-1.88323974609375
-1.91009521484375
-1.9232177734375
-1.920166015625
-1.9024658203125
-1.86981201171875
-1.822509765625
-1.7608642578125
-1.68731689453125
-1.59942626953125
-1.49932861328125
-1.38580322265625
-1.26373291015625
-1.1297607421875
-0.98785400390625
-0.83770751953125
-0.68115234375
-0.518798828125
-0.3533935546875
-0.1837158203125
-0.01251220703125
0.15838623046875
0.32867431640625
0.4962158203125
0.66131591796875
0.8203125
0.97503662109375
1.12152099609375
1.2579345703125
1.38763427734375
1.5045166015625
1.612548828125
1.70684814453125
1.78802490234375
1.85577392578125
1.91009521484375
1.94915771484375
1.973876953125
1.983642578125
1.978759765625
1.95831298828125
1.922607421875
1.87225341796875
1.80908203125
1.7315673828125
1.64093017578125
1.536865234375
1.42333984375
1.2982177734375
1.162109375
1.01837158203125
0.86639404296875
0.7086181640625
0.54443359375
0.37872314453125
0.2081298828125
0.037841796875
-0.133056640625
-0.30242919921875
-0.47027587890625
-0.63385009765625
-0.7916259765625
-0.9442138671875
-1.0882568359375
-1.2249755859375
-1.3519287109375
-1.46636962890625
-1.56982421875
-1.6632080078125
-1.74072265625
-1.8060302734375
-1.85791015625
-1.8951416015625
-1.91680908203125
-1.92230224609375
-1.91619873046875
-1.89178466796875
-1.854248046875
-1.802978515625
-1.73675537109375
-1.65679931640625
-1.563720703125
-1.458740234375
-1.34246826171875
-1.2152099609375
-1.07879638671875
-0.933837890625
-0.78125
-0.6219482421875
-0.45806884765625
-0.29144287109375
-0.1214599609375
0.05096435546875
0.22064208984375
0.39093017578125
0.5572509765625
0.72052001953125
0.877685546875
1.02935791015625
1.171875
1.3067626953125
1.4312744140625
1.54449462890625
1.64794921875
1.73858642578125
1.81396484375
1.8768310546875
1.9256591796875
1.9598388671875
1.9793701171875
1.9830322265625
1.97235107421875
1.9464111328125
1.9061279296875
1.8505859375
1.7822265625
1.6998291015625
1.60400390625
1.4971923828125
1.37847900390625
1.2481689453125
1.11114501953125
0.963134765625
0.8099365234375
0.65032958984375
0.4840087890625
0.3155517578125
0.146484375
-0.025634765625
-0.1959228515625
-0.364990234375
-0.5316162109375
-0.692138671875
-0.84747314453125
-0.9979248046875
-1.138916015625
-1.273193359375
-1.395263671875
-1.50726318359375
-1.60614013671875
-1.693115234375
-1.7669677734375
-1.82647705078125
-1.87286376953125
-1.90460205078125
-1.92047119140625
-1.92230224609375
-1.90826416015625
-1.88018798828125
-1.83624267578125
-1.78009033203125
-1.708984375
-1.6241455078125
-1.52740478515625
-1.41754150390625
-1.29730224609375
-1.165771484375
-1.02630615234375
-0.87860107421875
-0.7232666015625
-0.56243896484375
-0.39794921875
-0.22857666015625
-0.0592041015625
0.1116943359375
0.2825927734375
0.4522705078125
0.61676025390625
0.77850341796875
0.93414306640625
1.0821533203125
1.22344970703125
1.3525390625
1.47430419921875
1.58447265625
1.68243408203125
1.767578125
1.83868408203125
1.89727783203125
1.94091796875
1.96868896484375
1.98333740234375
1.98150634765625
1.96502685546875
1.9342041015625
1.88720703125
1.82708740234375
1.754150390625
1.6656494140625
1.56585693359375
1.45477294921875
1.33209228515625
1.19903564453125
1.05743408203125
0.906982421875
0.75164794921875
0.58929443359375
0.4229736328125
0.25299072265625
0.0830078125
-0.08758544921875
-0.25787353515625
-0.42724609375
-0.59112548828125
-0.750732421875
-0.90362548828125
-1.05224609375
-1.18927001953125
-1.3189697265625
-1.43585205078125
-1.54449462890625
-1.640625
-1.7218017578125
-1.7901611328125
-1.84417724609375
-1.8865966796875
-1.91253662109375
-1.922607421875
-1.9195556640625
-1.90032958984375
-1.8658447265625
-1.81732177734375
-1.75567626953125
-1.6796875
-1.59027099609375
-1.488037109375
-1.37542724609375
-1.2506103515625
-1.11572265625
-0.97412109375
-0.82244873046875
-0.66650390625
-0.5029296875
-0.3369140625
-0.16693115234375
0.00457763671875
0.17425537109375
0.34515380859375
0.51239013671875
0.6768798828125
0.83526611328125
0.98876953125
1.1346435546875
1.270751953125
1.39862060546875
1.5155029296875
1.6217041015625
1.71417236328125
1.79473876953125
1.861572265625
1.9140625
1.9512939453125
1.97540283203125
1.983642578125
1.97784423828125
1.954345703125
1.9171142578125
1.86737060546875
1.80145263671875
1.7230224609375
1.630859375
1.52618408203125
1.41082763671875
1.2841796875
1.1480712890625
1.0040283203125
0.850830078125
0.6927490234375
0.52886962890625
0.36163330078125
0.19134521484375
0.0213623046875
-0.15045166015625
-0.3204345703125
-0.487060546875
-0.65032958984375
-0.80718994140625
-0.95916748046875
-1.103515625
-1.23748779296875
-1.3641357421875
-1.47705078125
-1.5802001953125
-1.67083740234375
-1.74896240234375
-1.81121826171875
-1.8621826171875
-1.89727783203125
-1.917724609375
-1.92230224609375
-1.91314697265625
-1.88934326171875
-1.8505859375
-1.796875
-1.72821044921875
-1.6473388671875
-1.5533447265625
-1.4483642578125
-1.33026123046875
-1.202392578125
-1.06475830078125
-0.919189453125
-0.7666015625
-0.606689453125
-0.44189453125
-0.27496337890625
-0.10345458984375
0.06683349609375
0.2362060546875
0.406494140625
0.572509765625
0.73486328125
0.892333984375
1.04400634765625
1.185302734375
1.319580078125
1.44287109375
1.55517578125
1.65802001953125
1.74591064453125
1.82037353515625
1.88232421875
1.929931640625
1.962890625
1.97998046875
1.98394775390625
1.97052001953125
1.94427490234375
1.9012451171875
1.84539794921875
1.77520751953125
1.6900634765625
1.59423828125
1.485595703125
1.36566162109375
1.2353515625
1.0968017578125
0.9478759765625
0.79376220703125
0.63323974609375
0.4681396484375
0.29815673828125
0.12908935546875
-0.0421142578125
-0.21331787109375
-0.3814697265625
-0.5474853515625
-0.70831298828125
-0.86334228515625
-1.01226806640625
-1.15234375
-1.28448486328125
-1.4068603515625
-1.5167236328125
-1.614990234375
-1.70135498046875
-1.77337646484375
-1.8328857421875
-1.8768310546875
-1.90704345703125
-1.9219970703125
-1.92169189453125
-1.90704345703125
-1.87713623046875
-1.83258056640625
-1.77337646484375
-1.70135498046875
-1.614990234375
-1.51580810546875
-1.40594482421875
-1.285400390625
-1.15234375
-1.01287841796875
-0.8636474609375
-0.70831298828125
-0.54718017578125
-0.3814697265625
-0.21240234375
-0.04241943359375
0.12939453125
0.299072265625
0.4681396484375
0.6329345703125
0.79345703125
0.9490966796875
1.0968017578125
1.23626708984375
1.36566162109375
1.48590087890625
1.5948486328125
1.69158935546875
1.77520751953125
1.844482421875
1.90093994140625
1.94305419921875
1.971435546875
1.9830322265625
1.97998046875
1.96197509765625
1.92962646484375
1.88201904296875
1.8206787109375
1.74560546875
1.656494140625
1.55548095703125
1.44317626953125
1.31927490234375
1.185302734375
1.0430908203125
0.892333984375
0.73516845703125
0.5718994140625
0.40679931640625
0.23712158203125
0.0665283203125
-0.10498046875
-0.27496337890625
-0.44281005859375
-0.60638427734375
-0.76629638671875
-0.91827392578125
-1.06536865234375
-1.20147705078125
-1.33148193359375
-1.4483642578125
-1.55364990234375
-1.6485595703125
-1.729736328125
-1.79656982421875
-1.8499755859375
-1.88934326171875
-1.91314697265625
-1.92352294921875
-1.91802978515625
-1.89666748046875
-1.86126708984375
-1.81182861328125
-1.74835205078125
-1.671142578125
-1.58050537109375
-1.4764404296875
-1.3623046875
-1.2384033203125
-1.10260009765625
-0.95855712890625
-0.806884765625
-0.64910888671875
-0.4864501953125
-0.32012939453125
-0.14923095703125
0.02105712890625
0.191650390625
0.362548828125
0.52825927734375
0.69305419921875
0.85174560546875
1.00433349609375
1.1480712890625
1.2847900390625
1.4111328125
1.52679443359375
1.63238525390625
1.722412109375
1.80206298828125
1.8670654296875
1.917724609375
1.95465087890625
1.97784423828125
1.98333740234375
1.97601318359375
1.95220947265625
1.91375732421875
1.86187744140625
1.7950439453125
1.71539306640625
1.62109375
1.51580810546875
1.39923095703125
1.2713623046875
1.1346435546875
0.98907470703125
0.83587646484375
0.67596435546875
0.511474609375
0.3436279296875
0.17547607421875
0.00396728515625
-0.16693115234375
-0.33721923828125
-0.5035400390625
-0.66558837890625
-0.82275390625
-0.97412109375
-1.1163330078125
-1.251220703125
-1.3751220703125
-1.48773193359375
-1.58966064453125
-1.67938232421875
-1.7559814453125
-1.81732177734375
-1.8658447265625
-1.9000244140625
-1.91864013671875
-1.92230224609375
-1.91192626953125
-1.88568115234375
-1.84539794921875
-1.78985595703125
-1.72119140625
-1.639404296875
-1.54296875
-1.43646240234375
-1.318359375
-1.1883544921875
-1.0516357421875
-0.9033203125
-0.750732421875
-0.58990478515625
-0.4266357421875
-0.2569580078125
-0.0872802734375
0.0836181640625
0.25390625
0.423583984375
0.58929443359375
0.75286865234375
0.90850830078125
1.0589599609375
1.19903564453125
1.33270263671875
1.45538330078125
1.56646728515625
1.666259765625
1.7535400390625
1.8267822265625
