[-5622. -5352. -5035. -4679. -4293. -3866. -3409. -2925. -2424. -1898.
 -1358.  -805.  -248.   315.   870.  1426.  1970.  2500.  3010.  3498.
  3962.  4397.  4793.  5159.  5485.  5765.  6006.  6198.  6347.  6443.
  6493.  6497.  6448.  6350.  6205.  6010.  5772.  5490.  5169.  4804.
  4407.  3977.  3514.  3025.  2517.  1984.  1444.   886.   327.  -230.
  -789. -1341. -1880. -2407. -2912. -3396. -3854. -4280. -4671. -5026.
 -5343. -5615. -5845. -6029. -6171. -6259. -6302. -6292. -6234. -6127.
 -5972. -5770. -5529. -5241. -4913. -4541. -4141. -3702. -3237. -2745.
 -2232. -1700. -1158.  -602.   -41.   519.  1077.  1626.  2167.  2688.
  3195.  3675.  4122.  4547.  4930.  5284.  5593.  5859.  6081.  6259.
  6387.  6468.  6500.  6484.  6417.  6300.  6135.  5928.  5674.  5377.
  5036.  4664.  4254.  3808.  3337.  2839.  2322.  1784.  1241.   682.
   124.  -436.  -991. -1541. -2077. -2594. -3094. -3566. -4014. -4430.
 -4805. -5144. -5450. -5704. -5918. -6088. -6210. -6281. -6299. -6279.
 -6199. -6076. -5908. -5691. -5429. -5124. -4780. -4399. -3982. -3535.
 -3060. -2560. -2038. -1501.  -955.  -398.   167.   723.  1281.  1826.
  2361.  2876.  3373.  3840.  4282.  4690.  5061.  5400.  5697.  5944.
  6150.  6310.  6422.  6486.  6498.  6463.  6378.  6246.  6064.  5840.
  5570.  5256.  4906.  4517.  4090.  3641.  3156.  2654.  2131.  1586.
  1034.   480.   -84.  -642. -1196. -1742. -2268. -2777. -3270. -3732.
 -4172. -4572. -4939. -5263. -5548. -5790. -5985. -6137. -6241. -6293.
 -6299. -6253. -6161. -6017. -5833. -5600. -5322. -5005. -4645. -4251.
 -3820. -3363. -2879. -2370. -1843. -1304.  -749.  -194.   366.   926.
  1482.  2021.  2551.  3061.  3546.  4009.  4432.  4831.  5192.  5513.
  5792.  6025.  6217.  6360.  6451.  6499.  6493.  6439.  6338.  6184.
  5987.  5748.  5458.  5131.  4767.  4365.  3929.  3465.  2972.  2463.
  1931.  1386.   829.   272.  -287.  -845. -1400. -1937. -2460. -2961.
 -3448. -3897. -4322. -4705. -5061. -5376. -5642. -5866. -6043. -6182.
 -6267. -6300. -6290. -6227. -6114. -5955. -5753. -5504. -5211. -4876.
 -4507. -4098. -3656. -3192. -2695. -2184. -1648. -1104.  -547.    15.
   571.  1131.  1679.  2218.  2737.  3240.  3718.  4164.  4583.  4966.
  5314.  5617.  5881.  6100.  6272.  6394.  6473.  6500.  6481.  6404.
  6282.  6119.  5903.  5646.  5344.  5001.  4623.  4208.  3762.  3290.
  2788.  2270.  1733.  1185.   627.    70.  -493. -1050. -1596. -2131.
 -2645. -3143. -3616. -4055. -4470. -4840. -5178. -5475. -5731. -5935.
 -6102. -6217. -6284. -6299. -6269. -6191. -6064. -5888. -5663. -5398.
 -5090. -4746. -4359. -3940. -3489. -3012. -2512. -1988. -1448.  -901.
  -339.   219.   774.  1332.  1876.  2408.  2924.  3421.  3884.  4324.
  4728.  5096.  5433.  5721.  5965.  6168.  6324.  6432.  6488.  6501.
  6457.  6371.  6230.  6047.  5817.  5538.  5224.  4868.  4475.  4048.
  3594.  3106.  2601.  2075.  1534.   977.   423.  -138.  -699. -1250.
 -1794. -2321. -2829. -3317. -3776. -4209. -4610. -4970. -5292. -5575.
 -5811. -6006. -6150. -6249. -6298. -6297. -6249. -6151. -6005. -5811.
 -5575. -5292. -4967. -4607. -4212. -3776. -3319. -2830. -2321. -1793.
 -1250.  -696.  -139.   424.   980.  1534.  2074.  2600.  3110.  3594.
  4051.  4475.  4869.  5226.  5543.  5817.  6044.  6229.  6367.  6460.
  6498.  6488.  6429.  6323.  6167.  5966.  5720.  5428.  5097.  4729.
  4323.  3884.  3418.  2924.  2409.  1874.  1333.   777.   218.  -344.
  -901. -1451. -1987. -2511. -3009. -3491. -3937. -4363. -4746. -5091.
 -5402. -5668. -5887. -6062. -6191. -6269. -6303. -6285. -6215. -6099.
 -5937. -5729. -5476. -5179. -4838. -4464. -4058. -3613. -3141. -2644.
 -2127. -1594. -1049.  -489.    69.   628.  1188.  1731.  2271.  2791.
  3291.  3762.  4210.  4624.  5003.  5349.  5644.  5905.  6118.  6284.
  6405.  6481.  6499.  6475.  6397.  6271.  6101.  5882.  5621.  5312.
  4967.  4585.  4166.  3718.  3241.  2739.  2215.  1676.  1126.   575.
    13.  -547. -1105. -1650. -2181. -2696. -3192. -3658. -4100. -4506.
 -4875. -5209. -5503. -5754. -5955. -6114. -6226. -6287. -6299. -6265.
 -6179. -6047. -5865. -5640. -5372. -5056. -4707. -4320. -3894. -3446.
 -2960. -2460. -1933. -1398.  -842.  -286.   274.   832.  1388.  1931.
  2467.  2977.  3470.  3929.  4367.  4769.  5133.  5460.  5746.  5986.]
  